0 -1 1 150528   100000  0   0 0
1 -1 1 150528   100000  0   0 0
3 -1 1 150528   100000  0   0 0
4 -1 1 150528   100000  0   0 0
0 -1 1 2352     250528  1   0 0
0 -1 1 16       252880  2   0 0
0 -1 0 50176    252896  3   3 1 0 1 2
1 -1 1 2352     303072  4   0 0
1 -1 1 16       303088  5   0 0
1 -1 0 50176    353264  6   3 1 0 4 5
3 -1 1 2352     355616  7   0 0
3 -1 1 16       355632  8   0 0
3 -1 0 50176    355648  9   3 1 0 7 8
4 -1 1 2352     405824  10  0 0
4 -1 1 16       405840  11  0 0
4 -1 0 50176    405856  12  3 1 0 10 11
0 -1 1 200704   456032  13  4 0 3 6 9 12
1 -1 1 200704   456032  13  4 0 3 6 9 12
3 -1 1 200704   456032  13  4 0 3 6 9 12
4 -1 1 200704   456032  13  4 0 3 6 9 12
0 -1 1 1024     656736  14  4 0 3 6 9 12
0 -1 1 16       657760  15  4 0 3 6 9 12
0 -1 0 50176    657776  16  3 1 13 14 15
1 -1 1 1024     708952  17  4 0 3 6 9 12
1 -1 1 16       709976  18  4 0 3 6 9 12
1 -1 0 50176    709992  19  3 1 13 17 18
3 -1 1 1024     761168  20  4 0 3 6 9 12
3 -1 1 16       762192  21  4 0 3 6 9 12
3 -1 0 50176    762208  22  3 1 13 20 21
4 -1 1 1024     813384  23  4 0 3 6 9 12
4 -1 1 16       814408  24  4 0 3 6 9 12
4 -1 0 50176    814424  25  3 1 13 23 24
0 -1 1 200704   865600  26  4 0 16 19 22 25
1 -1 1 200704   865600  26  4 0 16 19 22 25
3 -1 1 200704   865600  26  4 0 16 19 22 25
4 -1 1 200704   865600  26  4 0 16 19 22 25
0 -1 1 9216     1066304 27  4 0 16 19 22 25
0 -1 1 16       1075520 28  4 0 16 19 22 25
0 -1 0 50176    1075536 29  3 1 1 26 27 28
1 -1 1 9216     1091712 30  4 0 16 19 22 25
1 -1 1 16       1100928 31  4 0 16 19 22 25
1 -1 0 50176    1100944 32  3 1 1 26 30 31
3 -1 1 9216     1117120 33  4 0 16 19 22 25
3 -1 1 16       1126336 34  4 0 16 19 22 25
3 -1 0 50176    1126352 35  3 1 1 26 33 34
4 -1 1 9216     1142528 36  4 0 16 19 22 25
4 -1 1 16       1151744 37  4 0 16 19 22 25
4 -1 0 50176    1151760 38  3 1 1 26 36 37