0 -1 1 150528   100000  0   0 0
1 -1 1 150528   100000  0   0 0
3 -1 1 150528   100000  0   0 0
4 -1 1 150528   100000  0   0 0
0 -1 1 2352     250528  1   0 0
0 -1 1 16       252880  2   0 0
0 -1 0 50176    252896  3   3 1 0 1 2
1 -1 1 2352     303072  4   0 0
1 -1 1 16       303088  5   0 0
1 -1 0 50176    353264  6   3 1 0 4 5
3 -1 1 2352     355616  7   0 0
3 -1 1 16       355632  8   0 0
3 -1 0 50176    355648  9   3 1 0 7 8
4 -1 1 2352     405824  10  0 0
4 -1 1 16       405840  11  0 0
4 -1 0 50176    405856  12  3 1 0 10 11